1 0.5061141304347826 0.483695652173913 0.7024456521739131 0.8188405797101449
0 0.7207880434782609 0.5769927536231884 0.26222826086956524 0.29891304347826086
0 0.265625 0.7355072463768116 0.21331521739130435 0.3007246376811594
0 0.4578804347826087 0.2318840579710145 0.08967391304347826 0.17753623188405798
0 0.5591032608695652 0.6268115942028986 0.13722826086956522 0.31521739130434784
0 0.2710597826086957 0.5389492753623188 0.1644021739130435 0.09601449275362318
0 0.563858695652174 0.3061594202898551 0.1358695652173913 0.08695652173913043
0 0.344429347826087 0.15217391304347827 0.12907608695652173 0.08333333333333333
0 0.4014945652173913 0.6413043478260869 0.13179347826086957 0.18478260869565216
0 0.44021739130434784 0.45561594202898553 0.08423913043478261 0.1213768115942029
