1 0.5348143236074271 0.4796703296703297 0.11206896551724138 0.13956043956043956
1 0.2672413793103448 0.42967032967032964 0.123342175066313 0.16923076923076924
1 0.19927055702917773 0.6642857142857143 0.11604774535809019 0.19230769230769232
1 0.07029177718832891 0.6307692307692307 0.08753315649867374 0.10329670329670329
1 0.5440981432360743 0.6983516483516483 0.10676392572944297 0.22747252747252747
1 0.4582228116710875 0.7126373626373627 0.06631299734748011 0.1
1 0.21651193633952254 0.8791208791208791 0.0603448275862069 0.14065934065934066
1 0.4880636604774536 0.3032967032967033 0.13527851458885942 0.21978021978021978
1 0.5692970822281167 0.12472527472527473 0.16777188328912468 0.16373626373626374
1 0.3229442970822281 0.07747252747252747 0.14456233421750664 0.13736263736263737
1 0.9001989389920424 0.5043956043956044 0.133289124668435 0.1824175824175824
1 0.3531167108753316 0.27307692307692305 0.03779840848806366 0.04725274725274725
1 0.30437665782493367 0.24285714285714285 0.05172413793103448 0.05274725274725275
1 0.022214854111405835 0.34285714285714286 0.04310344827586207 0.07032967032967033
1 0.19728116710875332 0.14560439560439561 0.0643236074270557 0.0912087912087912
1 0.08852785145888595 0.1989010989010989 0.05238726790450928 0.06593406593406594
